time(y),mp_elev(m),dep_area(m^2)
0.0,-0.010000000000005116,1.0
0.2,0.03400415420964009,34.0
0.4,0.11080279837830176,91.0
0.6000000000000001,0.18635763062485466,124.0
0.8,0.2563739466146586,146.0
1.0,0.32049710096819695,161.0
1.2000000000000002,0.37828205641478974,175.0
1.4000000000000001,0.4297418738878065,182.0
1.6,0.4760294088939787,195.0
1.8,0.5153467555627742,203.0
2.0,0.5481580940536901,211.0
2.2,0.5752131222168089,213.0
2.4000000000000004,0.5973469813622501,223.0
2.6,0.616925082914122,233.0
2.8000000000000003,0.6332647752342382,245.0
3.0,0.6465491705961739,251.0
3.2,0.6570875705286028,255.0
3.4000000000000004,0.6651082610960088,259.0
3.6,0.6713473362386253,264.0
3.8000000000000003,0.6764271259778951,276.0
4.0,0.6795157539496017,284.0
4.2,0.6807315389272475,292.0
4.4,0.680187600411486,296.0
4.6000000000000005,0.677992123734029,303.0
4.800000000000001,0.6751897996881411,312.0
5.0,0.6713762016611611,322.0
5.2,0.6662440460308403,328.0
5.4,0.6598708708389438,334.0
5.6000000000000005,0.652330503094646,338.0
5.800000000000001,0.6436936691862201,346.0
6.0,0.6351028330045096,363.0
6.2,0.6257033394942084,367.0
6.4,0.6154386408688026,377.0
6.6000000000000005,0.6043638663054907,381.0
6.800000000000001,0.5925330363566701,386.0
7.0,0.5799992551011144,398.0
7.2,0.5678531725725833,405.0
7.4,0.5551716308952166,415.0
7.6000000000000005,0.5419693801452325,423.0
7.800000000000001,0.5282905238256319,427.0
8.0,0.5141783486403284,441.0
8.200000000000001,0.4996752985919244,447.0
8.4,0.4857067129040331,458.0
8.6,0.4715407430564085,460.0
8.8,0.45712921417249675,470.0
9.0,0.44250599808052016,480.0
9.200000000000001,0.4277037985363137,484.0
9.4,0.41275412495228636,488.0
9.600000000000001,0.3983307514368306,502.0
9.8,0.38407826648543164,514.0
10.0,0.3697857003682401,524.0
10.200000000000001,0.3554757736343248,536.0
10.4,0.3411698501716671,542.0
10.600000000000001,0.32688795398730974,546.0
10.8,0.31298955954611074,553.0
11.0,0.2996317626619458,557.0
11.200000000000001,0.286367885645916,571.0
11.4,0.2732097187211764,575.0
11.600000000000001,0.26016777962641413,585.0
11.8,0.24725137219769522,595.0
12.0,0.23446864656496302,603.0
12.200000000000001,0.22256875440126578,614.0
12.4,0.21083822348579417,624.0
12.600000000000001,0.1992724647650448,630.0
12.8,0.1878730247927365,636.0
13.0,0.1766405901319814,640.0
13.200000000000001,0.16557507604224497,644.0
13.4,0.1549736312189509,645.0
13.600000000000001,0.14493759564459197,655.0
13.8,0.13507601149525783,671.0
14.0,0.12538433786441772,679.0
14.200000000000001,0.1158576431910916,681.0
14.4,0.10649069691767465,685.0
14.600000000000001,0.09727805663726485,695.0
14.8,0.08869198365377429,702.0
15.0,0.08042080015859199,710.0
15.200000000000001,0.07229556882730037,714.0
15.4,0.06430879784598176,718.0
15.600000000000001,0.056453100920492716,718.0
15.8,0.048721260460155236,726.0
16.0,0.041106283986025005,726.0
16.2,0.03415382137849576,732.0
16.400000000000002,0.027355697387662303,736.0
16.6,0.020661304913346612,742.0
16.8,0.014063239955817153,738.0
17.0,0.007554477166337392,709.0
17.2,0.001128397105318868,692.0
17.400000000000002,-0.005221191994394303,672.0
17.6,-0.010961372122793023,668.0
17.8,-0.016615881151295753,654.0
18.0,-0.022205631885256594,644.0
18.2,-0.027736535447431265,637.0
18.400000000000002,-0.0332140606858502,627.0
18.6,-0.03864323042191131,621.0
18.8,-0.044028620704736454,608.0
19.0,-0.048922702095552495,603.0
19.200000000000003,-0.05371493977874309,593.0
19.400000000000002,-0.058471823185897165,590.0
19.6,-0.06319756674594146,582.0
19.8,-0.06789598921479012,578.0
20.0,-0.0725705190568533,572.0
20.200000000000003,-0.07722420110340522,563.0
20.400000000000002,-0.08155534234649053,560.0
20.6,-0.08569596065187568,552.0
20.8,-0.08982113505437894,549.0
21.0,-0.09393369864785939,543.0
21.200000000000003,-0.09803616458779629,541.0
21.400000000000002,-0.10213073265011019,541.0
21.6,-0.10621929632090144,531.0
21.8,-0.11019536511976469,525.0
22.0,-0.11383315585089804,519.0
22.200000000000003,-0.11746821708132416,517.0
22.400000000000002,-0.12110240084581392,515.0
22.6,-0.1247373074360496,512.0
22.8,-0.1283742905344809,502.0
23.0,-0.13201446269201256,498.0
23.200000000000003,-0.1356587011763679,496.0
23.400000000000002,-0.1390247799596267,486.0
23.6,-0.1422686332976042,480.0
23.8,-0.14551881439139436,484.0
24.0,-0.14877631775365785,478.0
24.200000000000003,-0.15204194181823993,478.0
24.400000000000002,-0.15531629280357606,469.0
24.6,-0.1585997888958417,461.0
24.8,-0.16189266481474363,453.0
25.0,-0.16482927536372927,452.0
25.200000000000003,-0.16776285495303966,451.0
25.400000000000002,-0.17070768079959464,445.0
25.6,-0.17366419286091173,437.0
25.8,-0.17663267470904032,435.0
26.0,-0.17961325657162774,433.0
26.200000000000003,-0.1826059187121274,424.0
26.400000000000002,-0.18559053266976377,419.0
26.6,-0.18825710435015708,413.0
26.8,-0.19093716705640418,415.0
27.0,-0.19363093017439326,419.0
27.200000000000003,-0.1963384733792708,412.0
27.400000000000002,-0.19905974892400025,400.0
27.6,-0.2017945842592468,398.0
27.8,-0.20454268498173178,398.0
28.0,-0.20730363813393637,388.0
28.200000000000003,-0.2097700748195166,384.0
28.400000000000002,-0.21223671533694244,378.0
28.6,-0.21471804751692503,384.0
28.8,-0.21721391633062126,378.0
29.0,-0.2197240613854632,374.0
29.200000000000003,-0.22224811932983357,367.0
29.400000000000002,-0.224785626550414,365.0
29.6,-0.2273360221776244,353.0
29.8,-0.22970973414869889,354.0
30.0,-0.23199243805106562,350.0
30.200000000000003,-0.23428996107084288,341.0
30.400000000000002,-0.23660199692244532,341.0
30.6,-0.23892815138808032,339.0
30.8,-0.24126794458078393,335.0
31.0,-0.24362081345736897,333.0
31.200000000000003,-0.2459861145890443,324.0
31.400000000000002,-0.24833701698827326,319.0
31.6,-0.25045828287332483,321.0
31.8,-0.2525939958062793,313.0
32.0,-0.25474375520795434,311.0
32.2,-0.2569070866819203,306.0
32.4,-0.25908344414372664,302.0
32.6,-0.2612722121658493,298.0
32.800000000000004,-0.2634727085275159,288.0
33.0,-0.2656841869688691,294.0
33.2,-0.26783421031699106,290.0
33.4,-0.26982557833117937,286.0
33.6,-0.2718302915763644,274.0
33.800000000000004,-0.2738478325375411,276.0
34.0,-0.27587762345432054,278.0
34.2,-0.27791902848896655,271.0
34.4,-0.27997135606170787,259.0
34.6,-0.28203386134521224,251.0
34.800000000000004,-0.28410574891184126,255.0
35.0,-0.28614225210982625,258.0
35.2,-0.28801607174109733,258.0
35.4,-0.28990189382891174,241.0
35.6,-0.2917991326253997,237.0
35.800000000000004,-0.29370715354058063,241.0
36.0,-0.2956252752618127,241.0
36.2,-0.29755277200075625,237.0
36.4,-0.29948887585651107,218.0
36.6,-0.3014327792889162,214.0
36.800000000000004,-0.3033836376890804,214.0
37.0,-0.3051938892685513,217.0
37.2,-0.3069704646680691,219.0
37.4,-0.30875701034911174,202.0
37.6,-0.31055286806586935,206.0
37.800000000000004,-0.31235734223437817,206.0
38.0,-0.31416970203393646,202.0
38.2,-0.31598918359071604,202.0
38.400000000000006,-0.31781499223623655,183.0
38.6,-0.3196463048313376,181.0
38.800000000000004,-0.3214822721446069,181.0
39.0,-0.3231691168124513,180.0
39.2,-0.32485307709599454,180.0
39.400000000000006,-0.3265449607158075,167.0
39.6,-0.32824407931013866,165.0
39.800000000000004,-0.32994971677410945,167.0
40.0,-0.33166113123878915,165.0
40.2,-0.3333775570987285,161.0
40.400000000000006,-0.3350982070798949,148.0
40.6,-0.3368222743400793,148.0
40.800000000000004,-0.33854893459249524,146.0
41.0,-0.34019778542388224,147.0
41.2,-0.3417929177208805,145.0
41.400000000000006,-0.3433940438303438,136.0
41.6,-0.34500047517943244,134.0
41.800000000000004,-0.346611503234044,130.0
42.0,-0.3482264012955909,130.0
42.2,-0.3498444263210274,124.0
42.400000000000006,-0.351464820758423,119.0
42.6,-0.3530868143918582,117.0
42.800000000000004,-0.3547096261882956,115.0
43.0,-0.35633246613947733,109.0
43.2,-0.3578997037583207,104.0
43.400000000000006,-0.3594137734483098,101.0
43.6,-0.360931428439045,101.0
43.800000000000004,-0.36245198627669595,99.0
44.0,-0.36397475228744725,95.0
44.2,-0.3654990211710043,91.0
44.400000000000006,-0.3670240785936443,86.0
44.6,-0.3685492027754549,82.0
44.800000000000004,-0.37007366606597714,80.0
45.0,-0.37159673650349134,78.0
45.2,-0.3731176793524611,69.0
45.400000000000006,-0.37463575861474396,69.0
45.6,-0.3761320909469532,66.0
45.800000000000004,-0.3775663962907885,64.0
46.0,-0.3790015036153278,66.0
46.2,-0.3804367538795077,57.0
46.400000000000006,-0.38187148309532404,57.0
46.6,-0.3833050236728752,57.0
46.800000000000004,-0.3847367057469313,53.0
47.0,-0.38616585848043883,49.0
47.2,-0.38759181134179244,46.0
47.400000000000006,-0.38901389535216424,44.0
47.6,-0.39043144429979293,42.0
47.800000000000004,-0.39184379591821994,36.0
48.0,-0.3932502930258863,33.0
48.2,-0.39465028462453233,29.0
48.400000000000006,-0.3960431269544955,29.0
48.6,-0.3974281845046903,23.0
48.800000000000004,-0.39878282386169417,21.0
49.0,-0.4001239060091848,21.0
49.2,-0.4014609689202615,17.0
49.400000000000006,-0.4027934082379545,14.0
49.6,-0.4041206240159596,14.0
49.800000000000004,-0.40544202167464505,12.0
50.0,-0.4067570129209628,8.0
50.2,-0.40806501663030303,7.0
50.400000000000006,-0.4093654596894254,7.0
50.6,-0.41065777779884627,4.0
50.800000000000004,-0.4119414162341286,2.0
51.0,-0.4132158305651501,1.0
51.2,0.0,0.0
51.400000000000006,0.0,0.0
51.6,0.0,0.0
51.800000000000004,0.0,0.0
52.0,0.0,0.0
52.2,0.0,0.0
52.400000000000006,0.0,0.0
52.6,0.0,0.0
52.800000000000004,0.0,0.0
53.0,0.0,0.0
53.2,0.0,0.0
53.400000000000006,0.0,0.0
53.6,0.0,0.0
53.800000000000004,0.0,0.0
54.0,0.0,0.0
54.2,0.0,0.0
54.400000000000006,0.0,0.0
54.6,0.0,0.0
54.800000000000004,0.0,0.0
55.0,0.0,0.0
55.2,0.0,0.0
55.400000000000006,0.0,0.0
55.6,0.0,0.0
55.800000000000004,0.0,0.0
56.0,0.0,0.0
56.2,0.0,0.0
56.400000000000006,0.0,0.0
56.6,0.0,0.0
56.800000000000004,0.0,0.0
57.0,0.0,0.0
57.2,0.0,0.0
57.400000000000006,0.0,0.0
57.6,0.0,0.0
57.800000000000004,0.0,0.0
58.0,0.0,0.0
58.2,0.0,0.0
58.400000000000006,0.0,0.0
58.6,0.0,0.0
58.800000000000004,0.0,0.0
59.0,0.0,0.0
59.2,0.0,0.0
59.400000000000006,0.0,0.0
59.6,0.0,0.0
59.800000000000004,0.0,0.0
60.0,0.0,0.0
60.2,0.0,0.0
60.400000000000006,0.0,0.0
60.6,0.0,0.0
60.800000000000004,0.0,0.0
61.0,0.0,0.0
61.2,0.0,0.0
61.400000000000006,0.0,0.0
61.6,0.0,0.0
61.800000000000004,0.0,0.0
62.0,0.0,0.0
62.2,0.0,0.0
62.400000000000006,0.0,0.0
62.6,0.0,0.0
62.800000000000004,0.0,0.0
63.0,0.0,0.0
63.2,0.0,0.0
63.400000000000006,0.0,0.0
63.6,0.0,0.0
63.800000000000004,0.0,0.0
64.0,0.0,0.0
64.2,0.0,0.0
64.4,0.0,0.0
64.60000000000001,0.0,0.0
64.8,0.0,0.0
65.0,0.0,0.0
65.2,0.0,0.0
65.4,0.0,0.0
65.60000000000001,0.0,0.0
65.8,0.0,0.0
66.0,0.0,0.0
66.2,0.0,0.0
66.4,0.0,0.0
66.60000000000001,0.0,0.0
66.8,0.0,0.0
67.0,0.0,0.0
67.2,0.0,0.0
67.4,0.0,0.0
67.60000000000001,0.0,0.0
67.8,0.0,0.0
68.0,0.0,0.0
68.2,0.0,0.0
68.4,0.0,0.0
68.60000000000001,0.0,0.0
68.8,0.0,0.0
69.0,0.0,0.0
69.2,0.0,0.0
69.4,0.0,0.0
69.60000000000001,0.0,0.0
69.8,0.0,0.0
70.0,0.0,0.0
70.2,0.0,0.0
70.4,0.0,0.0
70.60000000000001,0.0,0.0
70.8,0.0,0.0
71.0,0.0,0.0
71.2,0.0,0.0
71.4,0.0,0.0
71.60000000000001,0.0,0.0
71.8,0.0,0.0
72.0,0.0,0.0
72.2,0.0,0.0
72.4,0.0,0.0
72.60000000000001,0.0,0.0
72.8,0.0,0.0
73.0,0.0,0.0
73.2,0.0,0.0
73.4,0.0,0.0
73.60000000000001,0.0,0.0
73.8,0.0,0.0
74.0,0.0,0.0
74.2,0.0,0.0
74.4,0.0,0.0
74.60000000000001,0.0,0.0
74.8,0.0,0.0
75.0,0.0,0.0
75.2,0.0,0.0
75.4,0.0,0.0
75.60000000000001,0.0,0.0
75.8,0.0,0.0
76.0,0.0,0.0
76.2,0.0,0.0
76.4,0.0,0.0
76.60000000000001,0.0,0.0
76.80000000000001,0.0,0.0
77.0,0.0,0.0
77.2,0.0,0.0
77.4,0.0,0.0
77.60000000000001,0.0,0.0
77.80000000000001,0.0,0.0
78.0,0.0,0.0
78.2,0.0,0.0
78.4,0.0,0.0
78.60000000000001,0.0,0.0
78.80000000000001,0.0,0.0
79.0,0.0,0.0
79.2,0.0,0.0
79.4,0.0,0.0
79.60000000000001,0.0,0.0
79.80000000000001,0.0,0.0
80.0,0.0,0.0
80.2,0.0,0.0
80.4,0.0,0.0
80.60000000000001,0.0,0.0
80.80000000000001,0.0,0.0
81.0,0.0,0.0
81.2,0.0,0.0
81.4,0.0,0.0
81.60000000000001,0.0,0.0
81.80000000000001,0.0,0.0
82.0,0.0,0.0
82.2,0.0,0.0
82.4,0.0,0.0
82.60000000000001,0.0,0.0
82.80000000000001,0.0,0.0
83.0,0.0,0.0
83.2,0.0,0.0
83.4,0.0,0.0
83.60000000000001,0.0,0.0
83.80000000000001,0.0,0.0
84.0,0.0,0.0
84.2,0.0,0.0
84.4,0.0,0.0
84.60000000000001,0.0,0.0
84.80000000000001,0.0,0.0
85.0,0.0,0.0
85.2,0.0,0.0
85.4,0.0,0.0
85.60000000000001,0.0,0.0
85.80000000000001,0.0,0.0
86.0,0.0,0.0
86.2,0.0,0.0
86.4,0.0,0.0
86.60000000000001,0.0,0.0
86.80000000000001,0.0,0.0
87.0,0.0,0.0
87.2,0.0,0.0
87.4,0.0,0.0
87.60000000000001,0.0,0.0
87.80000000000001,0.0,0.0
88.0,0.0,0.0
88.2,0.0,0.0
88.4,0.0,0.0
88.60000000000001,0.0,0.0
88.80000000000001,0.0,0.0
89.0,0.0,0.0
89.2,0.0,0.0
89.4,0.0,0.0
89.60000000000001,0.0,0.0
89.80000000000001,0.0,0.0
90.0,0.0,0.0
90.2,0.0,0.0
90.4,0.0,0.0
90.60000000000001,0.0,0.0
90.80000000000001,0.0,0.0
91.0,0.0,0.0
91.2,0.0,0.0
91.4,0.0,0.0
91.60000000000001,0.0,0.0
91.80000000000001,0.0,0.0
92.0,0.0,0.0
92.2,0.0,0.0
92.4,0.0,0.0
92.60000000000001,0.0,0.0
92.80000000000001,0.0,0.0
93.0,0.0,0.0
93.2,0.0,0.0
93.4,0.0,0.0
93.60000000000001,0.0,0.0
93.80000000000001,0.0,0.0
94.0,0.0,0.0
94.2,0.0,0.0
94.4,0.0,0.0
94.60000000000001,0.0,0.0
94.80000000000001,0.0,0.0
95.0,0.0,0.0
95.2,0.0,0.0
95.4,0.0,0.0
95.60000000000001,0.0,0.0
95.80000000000001,0.0,0.0
96.0,0.0,0.0
96.2,0.0,0.0
96.4,0.0,0.0
96.60000000000001,0.0,0.0
96.80000000000001,0.0,0.0
97.0,0.0,0.0
97.2,0.0,0.0
97.4,0.0,0.0
97.60000000000001,0.0,0.0
97.80000000000001,0.0,0.0
98.0,0.0,0.0
98.2,0.0,0.0
98.4,0.0,0.0
98.60000000000001,0.0,0.0
98.80000000000001,0.0,0.0
99.0,0.0,0.0
99.2,0.0,0.0
99.4,0.0,0.0
99.60000000000001,0.0,0.0
99.80000000000001,0.0,0.0
100.0,0.0,0.0
100.2,0.0,0.0
100.4,0.0,0.0
100.60000000000001,0.0,0.0
100.80000000000001,0.0,0.0
101.0,0.0,0.0
101.2,0.0,0.0
101.4,0.0,0.0
101.60000000000001,0.0,0.0
101.80000000000001,0.0,0.0
102.0,0.0,0.0
102.2,0.0,0.0
102.4,0.0,0.0
102.60000000000001,0.0,0.0
102.80000000000001,0.0,0.0
103.0,0.0,0.0
103.2,0.0,0.0
103.4,0.0,0.0
103.60000000000001,0.0,0.0
103.80000000000001,0.0,0.0
104.0,0.0,0.0
104.2,0.0,0.0
104.4,0.0,0.0
104.60000000000001,0.0,0.0
104.80000000000001,0.0,0.0
105.0,0.0,0.0
105.2,0.0,0.0
105.4,0.0,0.0
105.60000000000001,0.0,0.0
105.80000000000001,0.0,0.0
106.0,0.0,0.0
106.2,0.0,0.0
106.4,0.0,0.0
106.60000000000001,0.0,0.0
106.80000000000001,0.0,0.0
107.0,0.0,0.0
107.2,0.0,0.0
107.4,0.0,0.0
107.60000000000001,0.0,0.0
107.80000000000001,0.0,0.0
108.0,0.0,0.0
108.2,0.0,0.0
108.4,0.0,0.0
108.60000000000001,0.0,0.0
108.80000000000001,0.0,0.0
109.0,0.0,0.0
109.2,0.0,0.0
109.4,0.0,0.0
109.60000000000001,0.0,0.0
109.80000000000001,0.0,0.0
110.0,0.0,0.0
110.2,0.0,0.0
110.4,0.0,0.0
110.60000000000001,0.0,0.0
110.80000000000001,0.0,0.0
111.0,0.0,0.0
111.2,0.0,0.0
111.4,0.0,0.0
111.60000000000001,0.0,0.0
111.80000000000001,0.0,0.0
112.0,0.0,0.0
112.2,0.0,0.0
112.4,0.0,0.0
112.60000000000001,0.0,0.0
112.80000000000001,0.0,0.0
113.0,0.0,0.0
113.2,0.0,0.0
113.4,0.0,0.0
113.60000000000001,0.0,0.0
113.80000000000001,0.0,0.0
114.0,0.0,0.0
114.2,0.0,0.0
114.4,0.0,0.0
114.60000000000001,0.0,0.0
114.80000000000001,0.0,0.0
115.0,0.0,0.0
115.2,0.0,0.0
115.4,0.0,0.0
115.60000000000001,0.0,0.0
115.80000000000001,0.0,0.0
116.0,0.0,0.0
116.2,0.0,0.0
116.4,0.0,0.0
116.60000000000001,0.0,0.0
116.80000000000001,0.0,0.0
117.0,0.0,0.0
117.2,0.0,0.0
117.4,0.0,0.0
117.60000000000001,0.0,0.0
117.80000000000001,0.0,0.0
118.0,0.0,0.0
118.2,0.0,0.0
118.4,0.0,0.0
118.60000000000001,0.0,0.0
118.80000000000001,0.0,0.0
119.0,0.0,0.0
119.2,0.0,0.0
119.4,0.0,0.0
119.60000000000001,0.0,0.0
119.80000000000001,0.0,0.0
120.0,0.0,0.0
120.2,0.0,0.0
120.4,0.0,0.0
120.60000000000001,0.0,0.0
120.80000000000001,0.0,0.0
121.0,0.0,0.0
121.2,0.0,0.0
121.4,0.0,0.0
121.60000000000001,0.0,0.0
121.80000000000001,0.0,0.0
122.0,0.0,0.0
122.2,0.0,0.0
122.4,0.0,0.0
122.60000000000001,0.0,0.0
122.80000000000001,0.0,0.0
123.0,0.0,0.0
123.2,0.0,0.0
123.4,0.0,0.0
123.60000000000001,0.0,0.0
123.80000000000001,0.0,0.0
124.0,0.0,0.0
124.2,0.0,0.0
124.4,0.0,0.0
124.60000000000001,0.0,0.0
124.80000000000001,0.0,0.0
125.0,0.0,0.0
125.2,0.0,0.0
125.4,0.0,0.0
125.60000000000001,0.0,0.0
125.80000000000001,0.0,0.0
126.0,0.0,0.0
126.2,0.0,0.0
126.4,0.0,0.0
126.60000000000001,0.0,0.0
126.80000000000001,0.0,0.0
127.0,0.0,0.0
127.2,0.0,0.0
127.4,0.0,0.0
127.60000000000001,0.0,0.0
127.80000000000001,0.0,0.0
128.0,0.0,0.0
128.20000000000002,0.0,0.0
128.4,0.0,0.0
128.6,0.0,0.0
128.8,0.0,0.0
129.0,0.0,0.0
129.20000000000002,0.0,0.0
129.4,0.0,0.0
129.6,0.0,0.0
129.8,0.0,0.0
130.0,0.0,0.0
130.20000000000002,0.0,0.0
130.4,0.0,0.0
130.6,0.0,0.0
130.8,0.0,0.0
131.0,0.0,0.0
131.20000000000002,0.0,0.0
131.4,0.0,0.0
131.6,0.0,0.0
131.8,0.0,0.0
132.0,0.0,0.0
132.20000000000002,0.0,0.0
132.4,0.0,0.0
132.6,0.0,0.0
132.8,0.0,0.0
133.0,0.0,0.0
133.20000000000002,0.0,0.0
133.4,0.0,0.0
133.6,0.0,0.0
133.8,0.0,0.0
134.0,0.0,0.0
134.20000000000002,0.0,0.0
134.4,0.0,0.0
134.6,0.0,0.0
134.8,0.0,0.0
135.0,0.0,0.0
135.20000000000002,0.0,0.0
135.4,0.0,0.0
135.6,0.0,0.0
135.8,0.0,0.0
136.0,0.0,0.0
136.20000000000002,0.0,0.0
136.4,0.0,0.0
136.6,0.0,0.0
136.8,0.0,0.0
137.0,0.0,0.0
137.20000000000002,0.0,0.0
137.4,0.0,0.0
137.6,0.0,0.0
137.8,0.0,0.0
138.0,0.0,0.0
138.20000000000002,0.0,0.0
138.4,0.0,0.0
138.6,0.0,0.0
138.8,0.0,0.0
139.0,0.0,0.0
139.20000000000002,0.0,0.0
139.4,0.0,0.0
139.6,0.0,0.0
139.8,0.0,0.0
140.0,0.0,0.0
140.20000000000002,0.0,0.0
140.4,0.0,0.0
140.6,0.0,0.0
140.8,0.0,0.0
141.0,0.0,0.0
141.20000000000002,0.0,0.0
141.4,0.0,0.0
141.6,0.0,0.0
141.8,0.0,0.0
142.0,0.0,0.0
142.20000000000002,0.0,0.0
142.4,0.0,0.0
142.6,0.0,0.0
142.8,0.0,0.0
143.0,0.0,0.0
143.20000000000002,0.0,0.0
143.4,0.0,0.0
143.6,0.0,0.0
143.8,0.0,0.0
144.0,0.0,0.0
144.20000000000002,0.0,0.0
144.4,0.0,0.0
144.6,0.0,0.0
144.8,0.0,0.0
145.0,0.0,0.0
145.20000000000002,0.0,0.0
145.4,0.0,0.0
145.6,0.0,0.0
145.8,0.0,0.0
146.0,0.0,0.0
146.20000000000002,0.0,0.0
146.4,0.0,0.0
146.6,0.0,0.0
146.8,0.0,0.0
147.0,0.0,0.0
147.20000000000002,0.0,0.0
147.4,0.0,0.0
147.6,0.0,0.0
147.8,0.0,0.0
148.0,0.0,0.0
148.20000000000002,0.0,0.0
148.4,0.0,0.0
148.6,0.0,0.0
148.8,0.0,0.0
149.0,0.0,0.0
149.20000000000002,0.0,0.0
149.4,0.0,0.0
149.6,0.0,0.0
149.8,0.0,0.0
150.0,0.0,0.0
150.20000000000002,0.0,0.0
150.4,0.0,0.0
150.6,0.0,0.0
150.8,0.0,0.0
151.0,0.0,0.0
151.20000000000002,0.0,0.0
151.4,0.0,0.0
151.6,0.0,0.0
151.8,0.0,0.0
152.0,0.0,0.0
152.20000000000002,0.0,0.0
152.4,0.0,0.0
152.6,0.0,0.0
152.8,0.0,0.0
153.0,0.0,0.0
153.20000000000002,0.0,0.0
153.4,0.0,0.0
153.60000000000002,0.0,0.0
153.8,0.0,0.0
154.0,0.0,0.0
154.20000000000002,0.0,0.0
154.4,0.0,0.0
154.60000000000002,0.0,0.0
154.8,0.0,0.0
155.0,0.0,0.0
155.20000000000002,0.0,0.0
155.4,0.0,0.0
155.60000000000002,0.0,0.0
155.8,0.0,0.0
156.0,0.0,0.0
156.20000000000002,0.0,0.0
156.4,0.0,0.0
156.60000000000002,0.0,0.0
156.8,0.0,0.0
157.0,0.0,0.0
157.20000000000002,0.0,0.0
157.4,0.0,0.0
157.60000000000002,0.0,0.0
157.8,0.0,0.0
158.0,0.0,0.0
158.20000000000002,0.0,0.0
158.4,0.0,0.0
158.60000000000002,0.0,0.0
158.8,0.0,0.0
159.0,0.0,0.0
159.20000000000002,0.0,0.0
159.4,0.0,0.0
159.60000000000002,0.0,0.0
159.8,0.0,0.0
160.0,0.0,0.0
160.20000000000002,0.0,0.0
160.4,0.0,0.0
160.60000000000002,0.0,0.0
160.8,0.0,0.0
161.0,0.0,0.0
161.20000000000002,0.0,0.0
161.4,0.0,0.0
161.60000000000002,0.0,0.0
161.8,0.0,0.0
162.0,0.0,0.0
162.20000000000002,0.0,0.0
162.4,0.0,0.0
162.60000000000002,0.0,0.0
162.8,0.0,0.0
163.0,0.0,0.0
163.20000000000002,0.0,0.0
163.4,0.0,0.0
163.60000000000002,0.0,0.0
163.8,0.0,0.0
164.0,0.0,0.0
164.20000000000002,0.0,0.0
164.4,0.0,0.0
164.60000000000002,0.0,0.0
164.8,0.0,0.0
165.0,0.0,0.0
165.20000000000002,0.0,0.0
165.4,0.0,0.0
165.60000000000002,0.0,0.0
165.8,0.0,0.0
166.0,0.0,0.0
166.20000000000002,0.0,0.0
166.4,0.0,0.0
166.60000000000002,0.0,0.0
166.8,0.0,0.0
167.0,0.0,0.0
167.20000000000002,0.0,0.0
167.4,0.0,0.0
167.60000000000002,0.0,0.0
167.8,0.0,0.0
168.0,0.0,0.0
168.20000000000002,0.0,0.0
168.4,0.0,0.0
168.60000000000002,0.0,0.0
168.8,0.0,0.0
169.0,0.0,0.0
169.20000000000002,0.0,0.0
169.4,0.0,0.0
169.60000000000002,0.0,0.0
169.8,0.0,0.0
170.0,0.0,0.0
170.20000000000002,0.0,0.0
170.4,0.0,0.0
170.60000000000002,0.0,0.0
170.8,0.0,0.0
171.0,0.0,0.0
171.20000000000002,0.0,0.0
171.4,0.0,0.0
171.60000000000002,0.0,0.0
171.8,0.0,0.0
172.0,0.0,0.0
172.20000000000002,0.0,0.0
172.4,0.0,0.0
172.60000000000002,0.0,0.0
172.8,0.0,0.0
173.0,0.0,0.0
173.20000000000002,0.0,0.0
173.4,0.0,0.0
173.60000000000002,0.0,0.0
173.8,0.0,0.0
174.0,0.0,0.0
174.20000000000002,0.0,0.0
174.4,0.0,0.0
174.60000000000002,0.0,0.0
174.8,0.0,0.0
175.0,0.0,0.0
175.20000000000002,0.0,0.0
175.4,0.0,0.0
175.60000000000002,0.0,0.0
175.8,0.0,0.0
176.0,0.0,0.0
176.20000000000002,0.0,0.0
176.4,0.0,0.0
176.60000000000002,0.0,0.0
176.8,0.0,0.0
177.0,0.0,0.0
177.20000000000002,0.0,0.0
177.4,0.0,0.0
177.60000000000002,0.0,0.0
177.8,0.0,0.0
178.0,0.0,0.0
178.20000000000002,0.0,0.0
178.4,0.0,0.0
178.60000000000002,0.0,0.0
178.8,0.0,0.0
179.0,0.0,0.0
179.20000000000002,0.0,0.0
179.4,0.0,0.0
179.60000000000002,0.0,0.0
179.8,0.0,0.0
180.0,0.0,0.0
180.20000000000002,0.0,0.0
180.4,0.0,0.0
180.60000000000002,0.0,0.0
180.8,0.0,0.0
181.0,0.0,0.0
181.20000000000002,0.0,0.0
181.4,0.0,0.0
181.60000000000002,0.0,0.0
181.8,0.0,0.0
182.0,0.0,0.0
182.20000000000002,0.0,0.0
182.4,0.0,0.0
182.60000000000002,0.0,0.0
182.8,0.0,0.0
183.0,0.0,0.0
183.20000000000002,0.0,0.0
183.4,0.0,0.0
183.60000000000002,0.0,0.0
183.8,0.0,0.0
184.0,0.0,0.0
184.20000000000002,0.0,0.0
184.4,0.0,0.0
184.60000000000002,0.0,0.0
184.8,0.0,0.0
185.0,0.0,0.0
185.20000000000002,0.0,0.0
185.4,0.0,0.0
185.60000000000002,0.0,0.0
185.8,0.0,0.0
186.0,0.0,0.0
186.20000000000002,0.0,0.0
186.4,0.0,0.0
186.60000000000002,0.0,0.0
186.8,0.0,0.0
187.0,0.0,0.0
187.20000000000002,0.0,0.0
187.4,0.0,0.0
187.60000000000002,0.0,0.0
187.8,0.0,0.0
188.0,0.0,0.0
188.20000000000002,0.0,0.0
188.4,0.0,0.0
188.60000000000002,0.0,0.0
188.8,0.0,0.0
189.0,0.0,0.0
189.20000000000002,0.0,0.0
189.4,0.0,0.0
189.60000000000002,0.0,0.0
189.8,0.0,0.0
190.0,0.0,0.0
190.20000000000002,0.0,0.0
190.4,0.0,0.0
190.60000000000002,0.0,0.0
190.8,0.0,0.0
191.0,0.0,0.0
191.20000000000002,0.0,0.0
191.4,0.0,0.0
191.60000000000002,0.0,0.0
191.8,0.0,0.0
192.0,0.0,0.0
192.20000000000002,0.0,0.0
192.4,0.0,0.0
192.60000000000002,0.0,0.0
192.8,0.0,0.0
193.0,0.0,0.0
193.20000000000002,0.0,0.0
193.4,0.0,0.0
193.60000000000002,0.0,0.0
193.8,0.0,0.0
194.0,0.0,0.0
194.20000000000002,0.0,0.0
194.4,0.0,0.0
194.60000000000002,0.0,0.0
194.8,0.0,0.0
195.0,0.0,0.0
195.20000000000002,0.0,0.0
195.4,0.0,0.0
195.60000000000002,0.0,0.0
195.8,0.0,0.0
196.0,0.0,0.0
196.20000000000002,0.0,0.0
196.4,0.0,0.0
196.60000000000002,0.0,0.0
196.8,0.0,0.0
197.0,0.0,0.0
197.20000000000002,0.0,0.0
197.4,0.0,0.0
197.60000000000002,0.0,0.0
197.8,0.0,0.0
198.0,0.0,0.0
198.20000000000002,0.0,0.0
198.4,0.0,0.0
198.60000000000002,0.0,0.0
198.8,0.0,0.0
199.0,0.0,0.0
199.20000000000002,0.0,0.0
199.4,0.0,0.0
199.60000000000002,0.0,0.0
199.8,0.0,0.0
200.0,0.0,0.0
200.20000000000002,0.0,0.0
200.4,0.0,0.0
200.60000000000002,0.0,0.0
200.8,0.0,0.0
